t # 0
v 0 0
v 1 0
v 2 0
v 3 1
v 4 0
v 5 2
v 6 0
v 7 1
v 8 1
v 9 1
v 10 0
v 11 0
v 12 0
v 13 0
v 14 0
v 15 0
v 16 0
v 17 0
v 18 0
e 0 1 0
e 0 2 0
e 2 3 1
e 2 4 0
e 3 5 0
e 4 6 0
e 5 7 0
e 5 8 0
e 5 9 0
e 6 10 0
e 6 9 1
e 7 11 1
e 8 12 1
e 10 13 0
e 11 14 0
e 11 15 0
e 12 16 0
e 12 15 0
e 14 17 0
e 16 18 0
t # 1
v 0 0
v 1 0
v 2 4
v 3 4
v 4 1
v 5 1
v 6 1
v 7 1
v 8 1
v 9 1
e 0 1 0
e 0 2 0
e 1 3 0
e 2 4 1
e 2 5 1
e 2 6 0
e 3 7 1
e 3 8 1
e 3 9 0
t # 2
v 0 4
v 1 4
v 2 0
v 3 0
v 4 0
v 5 0
v 6 0
v 7 0
v 8 0
v 9 0
v 10 0
v 11 0
v 12 0
v 13 0
v 14 1
v 15 1
v 16 0
v 17 1
v 18 1
v 19 0
e 0 1 0
e 0 2 0
e 1 3 0
e 2 4 3
e 2 5 3
e 3 6 3
e 3 7 3
e 4 8 0
e 4 9 3
e 5 10 3
e 6 11 0
e 6 12 3
e 7 13 3
e 8 14 1
e 8 15 0
e 9 16 3
e 10 16 3
e 11 17 1
e 11 18 0
e 12 19 3
e 13 19 3
t # 3
v 0 4
v 1 4
v 2 0
v 3 0
v 4 0
v 5 0
v 6 0
v 7 0
v 8 0
v 9 0
v 10 0
v 11 0
v 12 0
v 13 0
v 14 3
v 15 3
v 16 0
v 17 0
v 18 0
v 19 1
v 20 0
v 21 1
v 22 0
v 23 0
v 24 0
v 25 0
v 26 0
v 27 0
v 28 0
v 29 0
v 30 0
v 31 0
v 32 0
v 33 0
v 34 0
v 35 0
v 36 0
v 37 0
v 38 0
v 39 0
v 40 0
v 41 0
e 0 1 0
e 0 2 0
e 1 3 0
e 2 4 3
e 2 5 3
e 3 6 3
e 3 7 3
e 4 8 3
e 5 9 3
e 6 10 3
e 7 11 3
e 8 12 3
e 9 12 3
e 10 13 3
e 11 13 3
e 12 14 0
e 13 15 0
e 14 16 0
e 15 17 0
e 16 18 0
e 16 19 1
e 17 20 0
e 17 21 1
e 18 22 0
e 20 23 0
e 22 24 0
e 23 25 0
e 24 26 0
e 25 27 0
e 26 28 0
e 27 29 0
e 28 30 0
e 29 31 0
e 30 32 0
e 31 33 0
e 32 34 0
e 33 35 0
e 34 36 0
e 35 37 0
e 36 38 0
e 37 39 0
e 38 40 0
e 39 41 0
t # 4
v 0 5
v 1 1
v 2 3
v 3 1
v 4 0
v 5 5
v 6 0
v 7 0
v 8 0
v 9 0
v 10 3
v 11 1
v 12 0
v 13 0
v 14 0
v 15 0
v 16 0
v 17 0
v 18 0
v 19 0
v 20 0
v 21 0
v 22 0
v 23 0
v 24 0
v 25 0
v 26 0
v 27 0
v 28 0
v 29 0
v 30 3
v 31 0
v 32 1
v 33 1
v 34 3
v 35 1
v 36 1
e 0 1 0
e 0 2 0
e 0 3 1
e 0 4 0
e 1 5 0
e 2 6 0
e 2 7 0
e 4 8 3
e 4 9 3
e 5 10 0
e 5 11 1
e 5 12 0
e 6 13 0
e 6 14 0
e 7 15 0
e 7 16 0
e 8 17 3
e 9 18 3
e 10 19 0
e 10 20 0
e 12 21 3
e 12 22 3
e 17 23 3
e 18 23 3
e 19 24 0
e 19 25 0
e 20 26 0
e 20 27 0
e 21 28 3
e 22 29 3
e 23 30 0
e 28 31 3
e 29 31 3
e 30 32 1
e 30 33 0
e 31 34 0
e 34 35 1
e 34 36 0
t # 5
v 0 5
v 1 3
v 2 3
v 3 3
v 4 4
v 5 0
v 6 0
v 7 0
v 8 0
v 9 0
v 10 0
v 11 0
v 12 0
v 13 0
v 14 0
v 15 0
v 16 0
v 17 0
v 18 0
v 19 0
v 20 0
v 21 0
v 22 0
v 23 0
v 24 0
v 25 0
v 26 0
v 27 0
v 28 0
v 29 0
v 30 0
v 31 0
v 32 0
v 33 0
v 34 0
v 35 0
v 36 0
v 37 0
v 38 0
v 39 0
v 40 0
e 0 1 0
e 0 2 0
e 0 3 0
e 0 4 1
e 1 5 0
e 2 6 0
e 3 7 0
e 5 8 0
e 6 9 0
e 7 10 0
e 8 11 0
e 9 12 0
e 10 13 0
e 11 14 0
e 12 15 0
e 13 16 0
e 14 17 0
e 15 18 0
e 16 19 0
e 17 20 0
e 18 21 0
e 19 22 0
e 20 23 0
e 21 24 0
e 22 25 0
e 23 26 0
e 24 27 0
e 25 28 0
e 26 29 0
e 27 30 0
e 28 31 0
e 29 32 0
e 30 33 0
e 31 34 0
e 32 35 0
e 33 36 0
e 34 37 0
e 35 38 0
e 36 39 0
e 37 40 0
t # 6
v 0 5
v 1 3
v 2 3
v 3 3
v 4 4
v 5 0
v 6 0
v 7 0
v 8 0
v 9 0
v 10 0
v 11 0
v 12 0
v 13 0
v 14 0
v 15 0
v 16 0
v 17 0
v 18 0
v 19 0
v 20 0
v 21 0
v 22 0
e 0 1 0
e 0 2 0
e 0 3 0
e 0 4 1
e 1 5 0
e 2 6 0
e 3 7 0
e 5 8 0
e 5 9 0
e 6 10 0
e 6 11 0
e 7 12 0
e 7 13 0
e 8 14 0
e 9 15 0
e 10 16 0
e 11 17 0
e 12 18 0
e 13 19 0
e 14 20 0
e 15 20 0
e 16 21 0
e 17 21 0
e 18 22 0
e 19 22 0
t # 7
v 0 4
v 1 0
v 2 3
v 3 4
v 4 0
v 5 0
e 0 1 1
e 1 2 0
e 1 3 0
e 2 4 0
e 3 5 0
e 4 5 0
t # 8
v 0 3
v 1 0
v 2 0
v 3 0
v 4 4
v 5 4
v 6 7
v 7 4
v 8 4
v 9 0
v 10 3
v 11 0
v 12 0
e 0 1 0
e 0 2 0
e 0 3 0
e 3 4 0
e 3 5 1
e 4 6 0
e 5 6 0
e 6 7 0
e 6 8 0
e 7 9 0
e 8 9 1
e 9 10 0
e 10 11 0
e 10 12 0
t # 9
v 0 3
v 1 0
v 2 0
v 3 3
v 4 0
v 5 3
v 6 0
v 7 3
v 8 3
v 9 0
v 10 3
v 11 0
v 12 0
v 13 3
v 14 0
v 15 0
v 16 0
v 17 0
v 18 0
v 19 0
v 20 0
v 21 0
v 22 3
v 23 1
v 24 0
v 25 0
v 26 0
v 27 0
v 28 1
v 29 1
v 30 0
v 31 1
v 32 1
e 0 1 0
e 1 2 3
e 1 3 3
e 2 4 3
e 2 5 3
e 3 6 3
e 4 7 3
e 4 8 3
e 5 9 3
e 6 10 0
e 6 8 3
e 7 11 3
e 9 12 0
e 9 11 3
e 12 13 0
e 13 14 0
e 13 15 0
e 15 16 3
e 15 17 3
e 16 18 3
e 17 19 3
e 18 20 3
e 19 20 3
e 20 21 0
e 21 22 0
e 21 23 1
e 22 24 0
e 24 25 0
e 24 26 0
e 25 27 0
e 26 28 1
e 26 29 0
e 27 30 0
e 30 31 1
e 30 32 0
t # 10
v 0 4
v 1 0
v 2 0
v 3 3
v 4 0
v 5 3
v 6 0
v 7 3
v 8 3
v 9 0
v 10 3
e 0 1 0
e 1 2 3
e 1 3 3
e 2 4 3
e 2 5 3
e 3 6 3
e 4 7 3
e 4 8 3
e 5 9 3
e 6 10 0
e 6 7 3
e 8 9 3
t # 11
v 0 4
v 1 0
v 2 0
v 3 3
v 4 0
v 5 3
v 6 0
v 7 3
v 8 3
v 9 0
e 0 1 0
e 1 2 3
e 1 3 3
e 2 4 3
e 2 5 3
e 3 6 3
e 4 7 3
e 4 8 3
e 5 9 3
e 6 7 3
e 8 9 3
t # 12
v 0 1
v 1 0
v 2 0
v 3 0
v 4 0
v 5 0
v 6 0
v 7 1
v 8 0
v 9 0
v 10 0
v 11 0
v 12 0
v 13 0
v 14 1
v 15 0
v 16 0
v 17 0
v 18 0
v 19 0
v 20 3
v 21 0
v 22 0
v 23 0
v 24 1
v 25 1
v 26 0
v 27 1
v 28 0
e 0 1 0
e 0 2 0
e 2 3 3
e 2 4 3
e 3 5 3
e 3 6 3
e 4 7 0
e 4 8 3
e 5 9 3
e 5 10 3
e 6 11 3
e 6 12 0
e 7 13 0
e 8 14 0
e 8 11 3
e 9 15 0
e 9 16 3
e 10 17 3
e 12 18 0
e 14 19 0
e 15 20 0
e 15 18 0
e 16 21 3
e 17 22 3
e 20 23 0
e 21 24 1
e 21 22 3
e 22 25 0
e 23 26 0
e 23 27 1
e 25 28 0
t # 13
v 0 1
v 1 0
v 2 8
v 3 0
v 4 0
v 5 0
v 6 1
v 7 1
v 8 0
v 9 0
v 10 0
v 11 1
v 12 0
v 13 0
v 14 0
v 15 0
v 16 0
v 17 8
v 18 1
v 19 1
v 20 0
v 21 0
v 22 0
v 23 0
v 24 0
v 25 0
e 0 1 0
e 0 2 0
e 1 3 0
e 1 4 0
e 1 5 0
e 2 6 0
e 2 7 0
e 3 8 0
e 6 9 0
e 7 10 0
e 8 11 0
e 8 12 0
e 9 13 0
e 9 14 0
e 9 15 0
e 10 16 0
e 10 15 0
e 11 17 0
e 17 18 0
e 17 19 0
e 18 20 0
e 19 21 0
e 20 22 0
e 20 23 0
e 20 24 0
e 21 25 0
e 21 24 0
t # 14
v 0 3
v 1 0
v 2 0
v 3 0
v 4 0
v 5 0
v 6 0
v 7 0
v 8 0
v 9 4
v 10 4
v 11 0
v 12 0
v 13 0
v 14 0
v 15 0
v 16 0
v 17 3
v 18 0
v 19 0
e 0 1 0
e 0 2 0
e 0 3 0
e 3 4 3
e 3 5 3
e 4 6 3
e 5 7 3
e 6 8 3
e 7 8 3
e 8 9 0
e 9 10 0
e 10 11 0
e 11 12 3
e 11 13 3
e 12 14 3
e 13 15 3
e 14 16 3
e 15 16 3
e 16 17 0
e 17 18 0
e 17 19 0
t # 15
v 0 4
v 1 4
v 2 0
v 3 0
v 4 0
v 5 0
v 6 0
v 7 0
v 8 0
v 9 0
v 10 0
v 11 0
v 12 0
v 13 0
v 14 0
v 15 0
e 0 1 0
e 0 2 0
e 1 3 0
e 2 4 3
e 2 5 3
e 3 6 3
e 3 7 3
e 4 8 3
e 5 9 3
e 6 10 3
e 7 11 3
e 8 12 3
e 9 12 3
e 10 13 3
e 11 13 3
e 12 14 0
e 13 15 0
t # 16
v 0 0
v 1 0
v 2 0
v 3 1
v 4 9
v 5 0
v 6 0
v 7 9
v 8 9
e 0 1 0
e 0 2 0
e 0 3 1
e 1 4 0
e 1 5 0
e 1 6 0
e 2 7 0
e 2 8 0
t # 17
v 0 0
v 1 1
v 2 1
v 3 0
v 4 1
v 5 0
v 6 0
v 7 0
v 8 0
v 9 1
v 10 0
v 11 1
v 12 1
e 0 1 1
e 0 2 0
e 0 3 0
e 3 4 0
e 3 5 0
e 3 6 0
e 5 7 0
e 6 8 0
e 7 9 0
e 7 10 0
e 8 11 0
e 8 10 0
e 10 12 0
t # 18
v 0 0
v 1 1
v 2 0
v 3 0
v 4 0
v 5 4
v 6 4
v 7 0
v 8 0
e 0 1 0
e 0 2 0
e 1 3 0
e 2 4 0
e 3 5 1
e 3 6 0
e 4 7 0
e 7 8 0
t # 19
v 0 4
v 1 0
v 2 0
v 3 0
v 4 0
v 5 0
v 6 0
v 7 4
e 0 1 0
e 0 2 0
e 0 3 0
e 1 4 0
e 2 5 0
e 3 6 0
e 4 7 0
e 5 7 0
e 6 7 0
