t # 0
v 0 0
v 1 0
v 2 0
v 3 1
v 4 0
v 5 2
v 6 0
v 7 1
v 8 1
v 9 1
v 10 0
v 11 0
v 12 0
v 13 0
v 14 0
v 15 0
v 16 0
v 17 0
v 18 0
e 0 1 0
e 0 2 0
e 2 3 1
e 2 4 0
e 3 5 0
e 4 6 0
e 5 7 0
e 5 8 0
e 5 9 0
e 6 10 0
e 6 9 1
e 7 11 1
e 8 12 1
e 10 13 0
e 11 14 0
e 11 15 0
e 12 16 0
e 12 15 0
e 14 17 0
e 16 18 0
t # 1
v 0 0
v 1 0
v 2 4
v 3 4
v 4 1
v 5 1
v 6 1
v 7 1
v 8 1
v 9 1
e 0 1 0
e 0 2 0
e 1 3 0
e 2 4 1
e 2 5 1
e 2 6 0
e 3 7 1
e 3 8 1
e 3 9 0
t # 2
v 0 4
v 1 4
v 2 0
v 3 0
v 4 0
v 5 0
v 6 0
v 7 0
v 8 0
v 9 0
v 10 0
v 11 0
v 12 0
v 13 0
v 14 1
v 15 1
v 16 0
v 17 1
v 18 1
v 19 0
e 0 1 0
e 0 2 0
e 1 3 0
e 2 4 3
e 2 5 3
e 3 6 3
e 3 7 3
e 4 8 0
e 4 9 3
e 5 10 3
e 6 11 0
e 6 12 3
e 7 13 3
e 8 14 1
e 8 15 0
e 9 16 3
e 10 16 3
e 11 17 1
e 11 18 0
e 12 19 3
e 13 19 3
t # 3
v 0 4
v 1 4
v 2 0
v 3 0
v 4 0
v 5 0
v 6 0
v 7 0
v 8 0
v 9 0
v 10 0
v 11 0
v 12 0
v 13 0
v 14 3
v 15 3
v 16 0
v 17 0
v 18 0
v 19 1
v 20 0
v 21 1
v 22 0
v 23 0
v 24 0
v 25 0
v 26 0
v 27 0
v 28 0
v 29 0
v 30 0
v 31 0
v 32 0
v 33 0
v 34 0
v 35 0
v 36 0
v 37 0
v 38 0
v 39 0
v 40 0
v 41 0
e 0 1 0
e 0 2 0
e 1 3 0
e 2 4 3
e 2 5 3
e 3 6 3
e 3 7 3
e 4 8 3
e 5 9 3
e 6 10 3
e 7 11 3
e 8 12 3
e 9 12 3
e 10 13 3
e 11 13 3
e 12 14 0
e 13 15 0
e 14 16 0
e 15 17 0
e 16 18 0
e 16 19 1
e 17 20 0
e 17 21 1
e 18 22 0
e 20 23 0
e 22 24 0
e 23 25 0
e 24 26 0
e 25 27 0
e 26 28 0
e 27 29 0
e 28 30 0
e 29 31 0
e 30 32 0
e 31 33 0
e 32 34 0
e 33 35 0
e 34 36 0
e 35 37 0
e 36 38 0
e 37 39 0
e 38 40 0
e 39 41 0
t # 4
v 0 5
v 1 1
v 2 3
v 3 1
v 4 0
v 5 5
v 6 0
v 7 0
v 8 0
v 9 0
v 10 3
v 11 1
v 12 0
v 13 0
v 14 0
v 15 0
v 16 0
v 17 0
v 18 0
v 19 0
v 20 0
v 21 0
v 22 0
v 23 0
v 24 0
v 25 0
v 26 0
v 27 0
v 28 0
v 29 0
v 30 3
v 31 0
v 32 1
v 33 1
v 34 3
v 35 1
v 36 1
e 0 1 0
e 0 2 0
e 0 3 1
e 0 4 0
e 1 5 0
e 2 6 0
e 2 7 0
e 4 8 3
e 4 9 3
e 5 10 0
e 5 11 1
e 5 12 0
e 6 13 0
e 6 14 0
e 7 15 0
e 7 16 0
e 8 17 3
e 9 18 3
e 10 19 0
e 10 20 0
e 12 21 3
e 12 22 3
e 17 23 3
e 18 23 3
e 19 24 0
e 19 25 0
e 20 26 0
e 20 27 0
e 21 28 3
e 22 29 3
e 23 30 0
e 28 31 3
e 29 31 3
e 30 32 1
e 30 33 0
e 31 34 0
e 34 35 1
e 34 36 0
t # 5
v 0 5
v 1 3
v 2 3
v 3 3
v 4 4
v 5 0
v 6 0
v 7 0
v 8 0
v 9 0
v 10 0
v 11 0
v 12 0
v 13 0
v 14 0
v 15 0
v 16 0
v 17 0
v 18 0
v 19 0
v 20 0
v 21 0
v 22 0
v 23 0
v 24 0
v 25 0
v 26 0
v 27 0
v 28 0
v 29 0
v 30 0
v 31 0
v 32 0
v 33 0
v 34 0
v 35 0
v 36 0
v 37 0
v 38 0
v 39 0
v 40 0
e 0 1 0
e 0 2 0
e 0 3 0
e 0 4 1
e 1 5 0
e 2 6 0
e 3 7 0
e 5 8 0
e 6 9 0
e 7 10 0
e 8 11 0
e 9 12 0
e 10 13 0
e 11 14 0
e 12 15 0
e 13 16 0
e 14 17 0
e 15 18 0
e 16 19 0
e 17 20 0
e 18 21 0
e 19 22 0
e 20 23 0
e 21 24 0
e 22 25 0
e 23 26 0
e 24 27 0
e 25 28 0
e 26 29 0
e 27 30 0
e 28 31 0
e 29 32 0
e 30 33 0
e 31 34 0
e 32 35 0
e 33 36 0
e 34 37 0
e 35 38 0
e 36 39 0
e 37 40 0
t # 6
v 0 5
v 1 3
v 2 3
v 3 3
v 4 4
v 5 0
v 6 0
v 7 0
v 8 0
v 9 0
v 10 0
v 11 0
v 12 0
v 13 0
v 14 0
v 15 0
v 16 0
v 17 0
v 18 0
v 19 0
v 20 0
v 21 0
v 22 0
e 0 1 0
e 0 2 0
e 0 3 0
e 0 4 1
e 1 5 0
e 2 6 0
e 3 7 0
e 5 8 0
e 5 9 0
e 6 10 0
e 6 11 0
e 7 12 0
e 7 13 0
e 8 14 0
e 9 15 0
e 10 16 0
e 11 17 0
e 12 18 0
e 13 19 0
e 14 20 0
e 15 20 0
e 16 21 0
e 17 21 0
e 18 22 0
e 19 22 0
t # 7
v 0 4
v 1 0
v 2 3
v 3 4
v 4 0
v 5 0
e 0 1 1
e 1 2 0
e 1 3 0
e 2 4 0
e 3 5 0
e 4 5 0
t # 8
v 0 3
v 1 0
v 2 0
v 3 0
v 4 4
v 5 4
v 6 7
v 7 4
v 8 4
v 9 0
v 10 3
v 11 0
v 12 0
e 0 1 0
e 0 2 0
e 0 3 0
e 3 4 0
e 3 5 1
e 4 6 0
e 5 6 0
e 6 7 0
e 6 8 0
e 7 9 0
e 8 9 1
e 9 10 0
e 10 11 0
e 10 12 0
t # 9
v 0 3
v 1 0
v 2 0
v 3 3
v 4 0
v 5 3
v 6 0
v 7 3
v 8 3
v 9 0
v 10 3
v 11 0
v 12 0
v 13 3
v 14 0
v 15 0
v 16 0
v 17 0
v 18 0
v 19 0
v 20 0
v 21 0
v 22 3
v 23 1
v 24 0
v 25 0
v 26 0
v 27 0
v 28 1
v 29 1
v 30 0
v 31 1
v 32 1
e 0 1 0
e 1 2 3
e 1 3 3
e 2 4 3
e 2 5 3
e 3 6 3
e 4 7 3
e 4 8 3
e 5 9 3
e 6 10 0
e 6 8 3
e 7 11 3
e 9 12 0
e 9 11 3
e 12 13 0
e 13 14 0
e 13 15 0
e 15 16 3
e 15 17 3
e 16 18 3
e 17 19 3
e 18 20 3
e 19 20 3
e 20 21 0
e 21 22 0
e 21 23 1
e 22 24 0
e 24 25 0
e 24 26 0
e 25 27 0
e 26 28 1
e 26 29 0
e 27 30 0
e 30 31 1
e 30 32 0
t # 10
v 0 4
v 1 0
v 2 0
v 3 3
v 4 0
v 5 3
v 6 0
v 7 3
v 8 3
v 9 0
v 10 3
e 0 1 0
e 1 2 3
e 1 3 3
e 2 4 3
e 2 5 3
e 3 6 3
e 4 7 3
e 4 8 3
e 5 9 3
e 6 10 0
e 6 7 3
e 8 9 3
t # 11
v 0 4
v 1 0
v 2 0
v 3 3
v 4 0
v 5 3
v 6 0
v 7 3
v 8 3
v 9 0
e 0 1 0
e 1 2 3
e 1 3 3
e 2 4 3
e 2 5 3
e 3 6 3
e 4 7 3
e 4 8 3
e 5 9 3
e 6 7 3
e 8 9 3
t # 12
v 0 1
v 1 0
v 2 0
v 3 0
v 4 0
v 5 0
v 6 0
v 7 1
v 8 0
v 9 0
v 10 0
v 11 0
v 12 0
v 13 0
v 14 1
v 15 0
v 16 0
v 17 0
v 18 0
v 19 0
v 20 3
v 21 0
v 22 0
v 23 0
v 24 1
v 25 1
v 26 0
v 27 1
v 28 0
e 0 1 0
e 0 2 0
e 2 3 3
e 2 4 3
e 3 5 3
e 3 6 3
e 4 7 0
e 4 8 3
e 5 9 3
e 5 10 3
e 6 11 3
e 6 12 0
e 7 13 0
e 8 14 0
e 8 11 3
e 9 15 0
e 9 16 3
e 10 17 3
e 12 18 0
e 14 19 0
e 15 20 0
e 15 18 0
e 16 21 3
e 17 22 3
e 20 23 0
e 21 24 1
e 21 22 3
e 22 25 0
e 23 26 0
e 23 27 1
e 25 28 0
t # 13
v 0 1
v 1 0
v 2 8
v 3 0
v 4 0
v 5 0
v 6 1
v 7 1
v 8 0
v 9 0
v 10 0
v 11 1
v 12 0
v 13 0
v 14 0
v 15 0
v 16 0
v 17 8
v 18 1
v 19 1
v 20 0
v 21 0
v 22 0
v 23 0
v 24 0
v 25 0
e 0 1 0
e 0 2 0
e 1 3 0
e 1 4 0
e 1 5 0
e 2 6 0
e 2 7 0
e 3 8 0
e 6 9 0
e 7 10 0
e 8 11 0
e 8 12 0
e 9 13 0
e 9 14 0
e 9 15 0
e 10 16 0
e 10 15 0
e 11 17 0
e 17 18 0
e 17 19 0
e 18 20 0
e 19 21 0
e 20 22 0
e 20 23 0
e 20 24 0
e 21 25 0
e 21 24 0
t # 14
v 0 3
v 1 0
v 2 0
v 3 0
v 4 0
v 5 0
v 6 0
v 7 0
v 8 0
v 9 4
v 10 4
v 11 0
v 12 0
v 13 0
v 14 0
v 15 0
v 16 0
v 17 3
v 18 0
v 19 0
e 0 1 0
e 0 2 0
e 0 3 0
e 3 4 3
e 3 5 3
e 4 6 3
e 5 7 3
e 6 8 3
e 7 8 3
e 8 9 0
e 9 10 0
e 10 11 0
e 11 12 3
e 11 13 3
e 12 14 3
e 13 15 3
e 14 16 3
e 15 16 3
e 16 17 0
e 17 18 0
e 17 19 0
t # 15
v 0 4
v 1 4
v 2 0
v 3 0
v 4 0
v 5 0
v 6 0
v 7 0
v 8 0
v 9 0
v 10 0
v 11 0
v 12 0
v 13 0
v 14 0
v 15 0
e 0 1 0
e 0 2 0
e 1 3 0
e 2 4 3
e 2 5 3
e 3 6 3
e 3 7 3
e 4 8 3
e 5 9 3
e 6 10 3
e 7 11 3
e 8 12 3
e 9 12 3
e 10 13 3
e 11 13 3
e 12 14 0
e 13 15 0
t # 16
v 0 0
v 1 0
v 2 0
v 3 1
v 4 9
v 5 0
v 6 0
v 7 9
v 8 9
e 0 1 0
e 0 2 0
e 0 3 1
e 1 4 0
e 1 5 0
e 1 6 0
e 2 7 0
e 2 8 0
t # 17
v 0 0
v 1 1
v 2 1
v 3 0
v 4 1
v 5 0
v 6 0
v 7 0
v 8 0
v 9 1
v 10 0
v 11 1
v 12 1
e 0 1 1
e 0 2 0
e 0 3 0
e 3 4 0
e 3 5 0
e 3 6 0
e 5 7 0
e 6 8 0
e 7 9 0
e 7 10 0
e 8 11 0
e 8 10 0
e 10 12 0
t # 18
v 0 0
v 1 1
v 2 0
v 3 0
v 4 0
v 5 4
v 6 4
v 7 0
v 8 0
e 0 1 0
e 0 2 0
e 1 3 0
e 2 4 0
e 3 5 1
e 3 6 0
e 4 7 0
e 7 8 0
t # 19
v 0 4
v 1 0
v 2 0
v 3 0
v 4 0
v 5 0
v 6 0
v 7 4
e 0 1 0
e 0 2 0
e 0 3 0
e 1 4 0
e 2 5 0
e 3 6 0
e 4 7 0
e 5 7 0
e 6 7 0
t # 20
v 0 0
v 1 0
v 2 1
v 3 0
v 4 1
v 5 1
v 6 0
v 7 0
v 8 0
v 9 1
v 10 0
v 11 0
v 12 0
v 13 0
e 0 1 0
e 0 2 1
e 0 3 0
e 1 4 0
e 1 5 1
e 3 6 0
e 3 7 0
e 4 8 0
e 6 9 1
e 6 10 0
e 7 11 0
e 8 12 0
e 10 13 0
e 11 13 0
t # 21
v 0 4
v 1 3
v 2 1
v 3 1
v 4 0
v 5 0
v 6 0
v 7 0
v 8 0
v 9 0
v 10 0
v 11 1
v 12 1
v 13 0
v 14 0
v 15 0
e 0 1 0
e 0 2 1
e 0 3 1
e 0 4 0
e 1 5 0
e 4 6 3
e 4 7 3
e 5 8 0
e 6 9 3
e 7 10 3
e 8 11 0
e 8 12 1
e 9 13 3
e 10 13 3
e 11 14 0
e 14 15 0
t # 22
v 0 3
v 1 0
v 2 0
v 3 0
v 4 0
v 5 0
v 6 1
v 7 0
v 8 0
v 9 3
e 0 1 0
e 0 2 0
e 0 3 0
e 1 4 0
e 1 5 0
e 1 6 0
e 2 7 0
e 3 8 0
e 4 9 0
t # 23
v 0 1
v 1 0
v 2 0
v 3 0
v 4 0
v 5 0
v 6 0
v 7 0
v 8 1
v 9 0
v 10 0
v 11 0
v 12 0
v 13 0
v 14 0
v 15 0
e 0 1 1
e 1 2 3
e 1 3 3
e 2 4 3
e 2 5 3
e 3 6 3
e 3 7 3
e 4 8 3
e 4 9 3
e 5 10 3
e 6 11 3
e 6 8 3
e 7 12 3
e 9 13 0
e 9 14 3
e 10 14 3
e 11 15 3
e 12 15 3
t # 24
v 0 1
v 1 0
v 2 0
v 3 3
v 4 1
v 5 0
v 6 0
v 7 0
v 8 0
v 9 1
v 10 0
v 11 1
v 12 0
v 13 0
v 14 1
v 15 0
v 16 1
v 17 0
v 18 0
v 19 0
v 20 0
v 21 0
v 22 3
v 23 1
v 24 3
v 25 1
v 26 0
v 27 0
v 28 0
v 29 0
v 30 0
v 31 0
v 32 0
v 33 0
v 34 0
v 35 0
v 36 0
v 37 0
e 0 1 0
e 0 2 0
e 1 3 0
e 1 4 1
e 2 5 0
e 2 6 0
e 3 7 0
e 5 8 0
e 5 9 0
e 6 10 0
e 6 11 0
e 7 12 3
e 7 13 3
e 8 14 0
e 9 15 0
e 10 16 0
e 11 15 0
e 12 17 3
e 13 18 3
e 14 19 0
e 16 20 0
e 17 21 3
e 18 21 3
e 19 22 0
e 19 23 1
e 20 24 0
e 20 25 1
e 22 26 0
e 24 27 0
e 26 28 3
e 26 29 3
e 27 30 3
e 27 31 3
e 28 32 3
e 29 33 3
e 30 34 3
e 31 35 3
e 32 36 3
e 33 36 3
e 34 37 3
e 35 37 3
t # 25
v 0 0
v 1 1
v 2 0
v 3 0
v 4 1
v 5 0
v 6 1
v 7 0
v 8 1
v 9 0
v 10 0
v 11 1
e 0 1 0
e 0 2 0
e 2 3 0
e 2 4 0
e 3 5 0
e 3 6 0
e 4 7 0
e 5 8 0
e 5 9 0
e 6 10 0
e 7 8 0
e 9 11 0
e 10 11 0
t # 26
v 0 0
v 1 3
v 2 1
v 3 3
v 4 0
v 5 0
v 6 0
v 7 0
v 8 0
v 9 0
v 10 0
v 11 0
v 12 3
v 13 0
e 0 1 0
e 0 2 1
e 0 3 0
e 1 4 0
e 1 5 0
e 3 6 0
e 3 7 0
e 4 8 0
e 5 9 0
e 6 10 0
e 7 11 0
e 10 12 0
e 11 12 0
e 12 13 0
t # 27
v 0 11
v 1 4
v 2 4
v 3 3
v 4 3
v 5 3
v 6 3
v 7 0
v 8 0
v 9 0
v 10 0
v 11 0
v 12 0
v 13 0
v 14 0
v 15 0
v 16 0
v 17 3
v 18 3
v 19 0
v 20 0
v 21 0
v 22 0
v 23 0
v 24 0
v 25 0
v 26 0
v 27 0
v 28 0
v 29 0
v 30 0
v 31 0
v 32 0
v 33 0
v 34 0
v 35 0
v 36 0
v 37 0
v 38 0
e 0 1 0
e 0 2 0
e 0 3 0
e 0 4 0
e 0 5 0
e 0 6 0
e 1 7 0
e 2 8 0
e 3 9 3
e 3 10 3
e 4 11 3
e 4 12 3
e 5 13 3
e 5 14 3
e 6 15 3
e 6 16 3
e 7 17 2
e 8 18 2
e 9 19 3
e 10 20 3
e 11 21 3
e 12 22 3
e 13 23 3
e 14 24 3
e 15 25 3
e 16 26 3
e 19 27 3
e 20 27 3
e 21 28 3
e 22 28 3
e 23 29 3
e 24 29 3
e 25 30 3
e 26 30 3
e 27 31 0
e 28 32 0
e 29 33 0
e 30 34 0
e 31 35 0
e 32 36 0
e 33 37 0
e 34 38 0
t # 28
v 0 1
v 1 0
v 2 3
v 3 0
v 4 0
v 5 4
v 6 4
e 0 1 1
e 1 2 0
e 1 3 0
e 2 4 0
e 3 5 0
e 4 6 1
e 4 5 0
t # 29
v 0 0
v 1 0
v 2 0
v 3 0
v 4 0
v 5 3
v 6 0
v 7 0
v 8 0
v 9 0
v 10 0
v 11 0
v 12 0
v 13 0
v 14 0
v 15 0
e 0 1 1
e 0 2 0
e 0 3 0
e 1 4 0
e 2 5 2
e 3 6 3
e 3 7 3
e 4 8 3
e 4 9 3
e 6 10 3
e 7 11 3
e 8 12 3
e 9 13 3
e 10 14 3
e 11 14 3
e 12 15 3
e 13 15 3
t # 30
v 0 0
v 1 1
v 2 1
v 3 0
v 4 0
v 5 0
v 6 4
v 7 0
v 8 0
v 9 0
e 0 1 1
e 0 2 0
e 0 3 0
e 3 4 3
e 3 5 3
e 4 6 0
e 4 7 3
e 5 8 3
e 7 9 3
e 8 9 3
t # 31
v 0 0
v 1 4
v 2 0
v 3 1
v 4 1
v 5 1
v 6 0
v 7 0
e 0 1 0
e 0 2 0
e 1 3 1
e 1 4 1
e 1 5 0
e 2 6 0
e 2 7 1
t # 32
v 0 0
v 1 1
v 2 0
v 3 0
v 4 0
v 5 1
v 6 1
v 7 0
v 8 1
v 9 0
v 10 0
v 11 0
v 12 0
v 13 1
v 14 0
v 15 1
v 16 0
v 17 0
v 18 0
v 19 0
v 20 0
v 21 0
v 22 0
v 23 0
v 24 0
v 25 0
v 26 0
v 27 0
v 28 0
v 29 0
v 30 0
v 31 0
v 32 0
v 33 0
v 34 0
v 35 0
v 36 0
v 37 0
v 38 0
v 39 0
v 40 0
v 41 0
v 42 0
v 43 0
v 44 1
v 45 0
v 46 0
v 47 0
v 48 0
v 49 1
v 50 0
v 51 1
v 52 0
v 53 0
v 54 0
v 55 0
v 56 0
v 57 0
v 58 0
v 59 0
v 60 0
v 61 0
v 62 0
v 63 0
v 64 0
v 65 0
e 0 1 0
e 0 2 0
e 0 3 0
e 1 4 0
e 2 5 0
e 3 6 0
e 4 7 0
e 4 8 1
e 5 9 0
e 6 10 0
e 7 11 0
e 9 12 0
e 9 13 1
e 10 14 0
e 10 15 1
e 11 16 0
e 12 17 0
e 14 18 0
e 16 19 0
e 17 20 0
e 18 21 0
e 19 22 0
e 20 23 0
e 21 24 0
e 22 25 0
e 23 26 0
e 24 27 0
e 25 28 0
e 26 29 0
e 27 30 0
e 28 31 0
e 29 32 0
e 30 33 0
e 31 34 0
e 32 35 0
e 33 36 0
e 34 37 0
e 35 38 0
e 36 39 0
e 37 40 0
e 38 41 0
e 39 42 0
e 40 43 0
e 40 44 0
e 41 45 0
e 42 46 0
e 43 47 0
e 45 48 0
e 45 49 0
e 46 50 0
e 46 51 0
e 47 52 0
e 48 53 0
e 50 54 0
e 52 55 0
e 53 56 0
e 54 57 0
e 55 58 0
e 56 59 0
e 57 60 0
e 58 61 0
e 59 62 0
e 60 63 0
e 62 64 0
e 63 65 0
t # 33
v 0 0
v 1 0
v 2 4
v 3 4
v 4 0
v 5 1
v 6 0
v 7 0
v 8 0
v 9 1
v 10 0
v 11 0
v 12 0
v 13 1
v 14 0
v 15 1
v 16 0
v 17 1
v 18 0
v 19 1
v 20 1
e 0 1 0
e 0 2 0
e 0 3 0
e 1 4 0
e 1 5 0
e 2 6 0
e 3 7 0
e 4 8 0
e 4 9 0
e 6 10 0
e 7 11 0
e 8 12 0
e 8 13 0
e 12 14 0
e 12 15 0
e 14 16 0
e 14 17 0
e 16 18 0
e 16 19 0
e 18 20 0
t # 34
v 0 0
v 1 0
v 2 0
v 3 1
v 4 0
v 5 1
v 6 0
v 7 1
v 8 0
v 9 1
v 10 0
v 11 1
v 12 0
v 13 1
v 14 1
v 15 1
v 16 1
e 0 1 0
e 0 2 0
e 0 3 0
e 1 4 0
e 1 5 0
e 2 6 0
e 2 7 0
e 4 8 0
e 4 9 0
e 6 10 0
e 6 11 0
e 8 12 0
e 8 13 0
e 10 14 1
e 10 15 0
e 12 16 0
t # 35
v 0 6
v 1 5
v 2 6
v 3 3
v 4 3
v 5 5
v 6 5
v 7 6
v 8 6
v 9 3
v 10 6
v 11 6
e 1 0 0
e 2 1 0
e 3 1 1
e 4 1 0
e 5 3 0
e 6 4 1
e 7 5 0
e 8 5 0
e 9 5 1
e 10 6 0
e 11 6 0
e 6 9 0
t # 36
v 0 5
v 1 0
v 2 1
v 3 1
v 4 0
v 5 3
v 6 1
v 7 0
v 8 0
v 9 0
v 10 0
v 11 0
v 12 0
v 13 0
v 14 0
v 15 0
v 16 0
v 17 0
v 18 6
v 19 3
v 20 0
v 21 0
v 22 0
v 23 0
v 24 0
v 25 0
e 0 1 0
e 0 2 1
e 0 3 0
e 0 4 0
e 1 5 0
e 1 6 1
e 4 7 3
e 4 8 3
e 5 9 0
e 7 10 3
e 8 11 3
e 9 12 3
e 9 13 3
e 10 14 3
e 11 14 3
e 12 15 3
e 13 16 3
e 15 17 3
e 16 17 3
e 17 18 0
e 19 20 0
e 19 21 0
e 19 22 0
e 20 23 0
e 21 24 0
e 22 25 0
t # 37
v 0 0
v 1 0
v 2 4
v 3 0
v 4 1
v 5 1
v 6 1
v 7 0
v 8 0
v 9 0
v 10 0
v 11 0
e 0 1 0
e 0 2 0
e 1 3 0
e 2 4 1
e 2 5 1
e 2 6 0
e 3 7 0
e 7 8 0
e 8 9 0
e 9 10 0
e 10 11 0
t # 38
v 0 0
v 1 0
v 2 0
v 3 4
v 4 0
v 5 1
v 6 1
v 7 1
v 8 0
v 9 1
e 0 1 0
e 0 2 0
e 1 3 0
e 2 4 0
e 3 5 1
e 3 6 1
e 3 7 0
e 4 8 0
e 8 9 0
t # 39
v 0 1
v 1 0
v 2 0
v 3 0
v 4 0
v 5 0
v 6 1
v 7 0
v 8 1
v 9 0
v 10 1
v 11 0
v 12 0
v 13 0
v 14 0
v 15 0
v 16 1
v 17 0
v 18 0
v 19 1
v 20 0
v 21 1
e 0 1 1
e 1 2 0
e 1 3 0
e 2 4 3
e 2 5 3
e 3 6 0
e 3 7 0
e 4 8 0
e 4 9 3
e 5 10 0
e 5 11 3
e 7 12 0
e 7 8 0
e 9 13 3
e 11 13 3
e 12 14 3
e 12 15 3
e 13 16 0
e 14 17 3
e 15 18 3
e 17 19 0
e 17 20 3
e 18 20 3
e 20 21 0
t # 40
v 0 0
v 1 0
v 2 1
v 3 0
v 4 0
v 5 0
v 6 0
v 7 0
v 8 1
v 9 0
v 10 1
v 11 0
v 12 0
v 13 0
v 14 0
v 15 0
v 16 0
v 17 0
v 18 1
v 19 0
v 20 1
v 21 0
v 22 0
v 23 1
v 24 0
v 25 1
v 26 0
v 27 0
v 28 1
v 29 1
v 30 1
e 0 1 0
e 0 2 1
e 0 3 0
e 1 4 0
e 3 5 3
e 3 6 3
e 4 7 0
e 5 8 0
e 5 9 3
e 6 10 0
e 6 11 3
e 7 12 3
e 7 13 3
e 8 14 0
e 9 15 3
e 11 15 3
e 12 16 3
e 13 17 3
e 14 18 0
e 14 19 0
e 15 20 0
e 16 21 3
e 17 21 3
e 18 22 0
e 19 23 0
e 19 24 0
e 21 25 0
e 22 26 0
e 22 27 0
e 24 28 0
e 24 27 0
e 26 29 0
e 27 30 0
t # 41
v 0 0
v 1 0
v 2 0
v 3 0
v 4 0
v 5 0
v 6 0
v 7 0
v 8 0
v 9 0
v 10 0
v 11 0
v 12 0
v 13 0
v 14 0
v 15 0
v 16 1
v 17 0
v 18 3
v 19 0
v 20 1
v 21 0
v 22 0
v 23 0
v 24 0
v 25 1
e 0 1 0
e 1 2 0
e 1 3 0
e 1 4 0
e 2 5 3
e 2 6 3
e 3 7 0
e 3 8 0
e 4 9 0
e 5 10 0
e 5 11 3
e 6 12 3
e 7 13 0
e 7 14 0
e 7 15 0
e 8 10 0
e 9 15 0
e 10 16 1
e 11 17 3
e 12 17 3
e 13 18 2
e 17 19 0
e 19 20 0
e 19 21 0
e 19 22 0
e 20 23 0
e 23 24 0
e 23 25 1
t # 42
v 0 0
v 1 0
v 2 0
v 3 0
v 4 0
v 5 0
v 6 0
v 7 0
v 8 0
v 9 0
v 10 6
v 11 0
v 12 0
v 13 0
v 14 0
v 15 0
v 16 0
v 17 6
v 18 0
v 19 6
v 20 1
v 21 1
v 22 0
v 23 6
v 24 0
v 25 0
e 0 1 0
e 1 2 0
e 1 3 0
e 1 4 0
e 2 5 0
e 2 6 0
e 3 7 0
e 3 8 0
e 4 9 0
e 5 10 0
e 5 11 0
e 5 12 0
e 6 13 0
e 7 14 0
e 7 15 0
e 7 16 0
e 8 12 0
e 9 16 0
e 11 17 0
e 11 18 0
e 12 19 0
e 13 18 0
e 14 20 1
e 14 21 0
e 18 22 0
e 18 23 0
e 22 24 0
e 22 25 0
t # 43
v 0 1
v 1 0
v 2 0
v 3 0
v 4 3
v 5 1
v 6 3
v 7 0
v 8 0
v 9 0
v 10 0
v 11 0
v 12 0
v 13 3
v 14 3
v 15 0
v 16 1
v 17 1
v 18 0
v 19 0
v 20 0
v 21 3
v 22 3
v 23 3
v 24 0
v 25 0
v 26 0
v 27 0
v 28 0
v 29 0
v 30 0
v 31 0
v 32 1
v 33 0
e 0 1 0
e 1 2 0
e 1 3 0
e 2 4 0
e 2 5 0
e 3 6 0
e 3 7 0
e 4 8 3
e 4 9 3
e 5 7 0
e 6 10 0
e 7 11 0
e 8 12 3
e 8 13 3
e 9 14 3
e 10 15 0
e 10 16 1
e 11 17 0
e 12 18 3
e 12 14 3
e 13 19 3
e 15 20 0
e 15 21 0
e 18 22 0
e 18 23 3
e 19 23 3
e 20 24 0
e 22 25 0
e 22 26 0
e 24 27 3
e 24 28 3
e 27 29 3
e 28 30 3
e 29 31 3
e 30 31 3
e 31 32 0
e 32 33 0
t # 44
v 0 3
v 1 0
v 2 3
v 3 4
v 4 0
v 5 0
e 0 1 1
e 1 2 0
e 1 3 0
e 2 4 0
e 3 5 0
e 4 5 0
t # 45
v 0 1
v 1 0
v 2 0
v 3 1
v 4 0
v 5 0
v 6 0
v 7 0
v 8 0
v 9 0
v 10 0
v 11 1
v 12 0
v 13 0
v 14 0
v 15 0
v 16 0
v 17 0
v 18 0
v 19 0
v 20 0
v 21 0
v 22 0
v 23 0
v 24 0
v 25 0
v 26 0
v 27 1
v 28 0
v 29 1
v 30 0
v 31 0
v 32 1
e 0 1 1
e 1 2 0
e 1 3 0
e 2 4 0
e 2 5 0
e 3 6 0
e 4 7 0
e 4 8 0
e 4 9 0
e 5 10 0
e 5 6 0
e 6 11 1
e 7 12 0
e 7 13 1
e 8 14 0
e 8 15 0
e 9 16 1
e 10 17 0
e 10 12 0
e 10 16 0
e 12 18 0
e 12 19 0
e 13 20 0
e 14 21 0
e 14 22 0
e 14 20 0
e 15 23 0
e 17 24 0
e 19 25 0
e 22 26 0
e 22 23 0
e 24 27 0
e 24 25 0
e 26 28 0
e 26 29 1
e 27 30 0
e 30 31 0
e 30 32 1
t # 46
v 0 3
v 1 0
v 2 0
v 3 0
v 4 3
v 5 4
v 6 0
v 7 0
v 8 0
v 9 4
v 10 0
v 11 0
v 12 1
v 13 0
v 14 0
v 15 0
v 16 0
v 17 0
v 18 0
v 19 0
v 20 0
e 0 1 0
e 0 2 1
e 1 3 0
e 2 4 3
e 2 5 3
e 3 6 0
e 4 7 0
e 4 8 3
e 5 9 3
e 6 10 0
e 7 11 0
e 8 12 1
e 8 9 3
e 10 13 0
e 11 14 0
e 13 15 0
e 14 16 0
e 15 17 0
e 16 18 0
e 18 19 0
e 19 20 0
t # 47
v 0 4
v 1 3
v 2 1
v 3 1
v 4 0
v 5 0
v 6 3
v 7 0
v 8 0
v 9 1
v 10 3
v 11 1
e 0 1 0
e 0 2 1
e 0 3 1
e 0 4 0
e 4 5 3
e 4 6 3
e 5 7 3
e 6 8 3
e 7 9 0
e 7 10 3
e 8 11 0
e 8 10 3
t # 48
v 0 4
v 1 0
v 2 1
v 3 1
v 4 0
v 5 0
v 6 0
v 7 3
v 8 0
v 9 0
v 10 1
v 11 3
v 12 1
e 0 1 0
e 0 2 1
e 0 3 1
e 0 4 0
e 1 5 0
e 4 6 3
e 4 7 3
e 6 8 3
e 7 9 3
e 8 10 0
e 8 11 3
e 9 12 0
e 9 11 3
t # 49
v 0 1
v 1 0
v 2 0
v 3 0
v 4 0
v 5 0
v 6 0
v 7 0
v 8 0
v 9 0
v 10 0
v 11 1
v 12 0
v 13 0
v 14 1
v 15 0
v 16 0
e 0 1 1
e 1 2 0
e 1 3 0
e 2 4 3
e 2 5 3
e 3 6 3
e 3 7 3
e 4 8 0
e 4 9 3
e 5 10 0
e 5 11 3
e 6 12 3
e 6 8 0
e 7 13 3
e 8 14 1
e 9 15 0
e 9 11 3
e 12 16 3
e 13 16 3
