# number of queries per size: 10, min size: 2, max size: 15
<0 1 6 1 6><0 2 6 2 6>
<0 1 6 1 8><1 2 8 1 6>
<0 1 6 1 6><0 2 6 1 8>
<0 1 6 1 7><1 2 7 1 6>
<0 1 6 1 6><0 2 6 1 6>
<0 1 6 1 7><0 2 6 2 8>
<0 1 6 1 8><0 2 6 2 8>
<0 1 6 1 6><0 2 6 1 7>
<0 1 6 1 6><0 2 6 1 17>
<0 1 7 1 8><0 2 7 2 8>
<0 1 6 1 6><0 2 6 2 6><2 3 6 1 6>
<0 1 6 1 6><0 2 6 1 8><2 3 8 1 6>
<0 1 6 1 6><1 2 6 1 7><0 3 6 2 6>
<0 1 6 1 6><0 2 6 1 6><2 3 6 2 8>
<0 1 6 1 6><0 2 6 1 6><2 3 6 2 6>
<0 1 6 1 6><0 2 6 1 7><2 3 7 2 8>
<0 1 6 1 6><0 2 6 1 16><2 3 16 1 16>
<0 1 6 1 8><1 2 8 1 6><0 3 6 2 8>
<0 1 6 1 7><0 2 6 1 7><2 3 7 2 6>
<0 1 6 1 6><0 2 6 1 7><2 3 7 1 6>
<0 1 6 1 6><0 2 6 2 6><2 3 6 1 6><3 4 6 2 6>
<0 1 6 1 6><0 2 6 1 6><2 3 6 1 6><3 4 6 1 7>
<0 1 6 1 6><0 2 6 1 6><2 3 6 2 6><3 4 6 1 17>
<0 1 6 1 6><1 2 6 2 6><0 3 6 2 6><3 4 6 1 35>
<0 1 6 1 6><0 2 6 2 6><2 3 6 1 6><3 4 6 2 8>
<0 1 6 1 6><0 2 6 1 6><2 3 6 2 6><3 4 6 1 8>
<0 1 6 1 6><1 2 6 1 6><2 3 6 1 9><0 4 6 2 8>
<0 1 6 1 6><0 2 6 1 6><2 3 6 1 6><3 4 6 2 8>
<0 1 6 1 6><0 2 6 1 6><0 3 6 1 6><0 4 6 1 8>
<0 1 6 1 6><1 2 6 1 6><2 3 6 1 8><0 4 6 1 8>
<0 1 6 1 6><1 2 6 2 6><0 3 6 2 6><3 4 6 1 6><4 5 6 2 6>
<0 1 6 1 6><0 2 6 1 6><2 3 6 2 7><3 4 7 1 6><4 5 6 1 6>
<0 1 6 1 6><0 2 6 1 6><2 3 6 1 6><3 4 6 2 6><4 5 6 1 6>
<0 1 6 1 6><0 2 6 1 6><2 3 6 1 6><3 4 6 1 6><4 5 6 2 6>
<0 1 6 1 6><0 2 6 2 6><2 3 6 1 6><3 4 6 2 6><4 5 6 1 6>
<0 1 6 1 6><0 2 6 1 6><2 3 6 1 7><3 4 7 2 6><4 5 6 1 7>
<0 1 6 1 6><0 2 6 1 6><2 3 6 1 6><3 4 6 2 6><4 5 6 1 8>
<0 1 6 1 6><0 2 6 1 6><2 3 6 1 6><3 4 6 1 6><4 5 6 1 6>
<0 1 6 1 6><1 2 6 1 15><0 3 6 1 17><0 4 6 1 17><0 5 6 1 17>
<0 1 6 1 6><0 2 6 1 6><2 3 6 1 16><3 4 16 1 16><0 5 6 2 8>
<0 1 6 1 6><1 2 6 1 6><2 3 6 1 8><3 4 8 1 6><1 5 6 2 8><0 6 6 2 6>
<0 1 6 1 6><0 2 6 1 6><2 3 6 1 6><3 4 6 1 6><4 5 6 1 6><0 6 6 2 8>
<0 1 6 1 6><0 2 6 2 6><2 3 6 1 6><3 4 6 1 6><4 5 6 1 6><5 6 6 2 6>
<0 1 6 1 6><1 2 6 1 6><2 3 6 2 6><0 4 6 2 6><4 5 6 1 6><5 6 6 1 35>
<0 1 6 1 6><0 2 6 1 6><2 3 6 1 6><3 4 6 1 7><4 5 7 1 6><5 6 6 1 6>
<0 1 6 1 6><0 2 6 1 6><2 3 6 1 6><3 4 6 2 6><4 5 6 1 6><5 6 6 1 8>
<0 1 6 1 6><0 2 6 1 6><2 3 6 2 6><3 4 6 1 6><3 5 6 1 8><5 6 8 1 6>
<0 1 6 1 6><0 2 6 1 6><2 3 6 1 6><3 4 6 1 6><4 5 6 1 6><5 6 6 1 6>
<0 1 6 1 6><1 2 6 1 8><0 3 6 1 8><3 4 8 1 6><4 5 6 1 7><5 6 7 1 6>
<0 1 6 1 6><0 2 6 1 6><2 3 6 1 6><3 4 6 1 6><4 5 6 2 7><5 6 7 1 6>
<0 1 6 1 6><1 2 6 1 6><2 3 6 1 8><3 4 8 1 6><0 5 6 2 6><5 6 6 1 6><6 7 6 2 6>
<0 1 6 1 6><1 2 6 1 7><0 3 6 2 7><3 4 7 1 6><4 5 6 1 16><5 6 16 2 8><5 7 16 2 8>
<0 1 6 1 6><1 2 6 1 6><2 3 6 1 6><3 4 6 1 6><4 5 6 1 8><5 0 8 1 6><2 6 6 1 7>
<0 1 6 1 6><0 2 6 1 6><2 3 6 2 6><3 4 6 1 6><4 5 6 2 6><5 6 6 1 6><6 0 6 2 6>
<0 1 6 1 6><1 2 6 2 6><2 3 6 1 6><3 4 6 2 6><4 5 6 1 7><5 6 7 1 8><0 7 6 2 7>
<0 1 6 1 6><1 2 6 1 6><2 3 6 1 6><3 4 6 1 7><2 5 6 1 8><1 6 6 1 8><0 7 6 1 7>
<0 1 6 1 6><0 2 6 1 6><2 3 6 1 6><3 4 6 1 6><4 5 6 1 7><5 6 7 1 6><6 7 6 1 6>
<0 1 6 1 6><1 2 6 1 15><1 3 6 2 6><3 4 6 1 6><4 5 6 2 6><5 6 6 1 6><6 0 6 2 6>
<0 1 6 1 6><0 2 6 2 6><2 3 6 1 6><3 4 6 2 6><4 5 6 1 6><5 6 6 1 6><6 7 6 1 7>
<0 1 6 1 6><0 2 6 1 6><0 3 6 1 6><3 4 6 1 7><3 5 6 1 15><5 6 15 1 8><6 7 8 1 6>
<0 1 6 1 6><0 2 6 1 6><0 3 6 2 6><3 4 6 1 6><4 5 6 1 7><5 6 7 1 6><6 7 6 1 6><7 8 6 1 6>
<0 1 6 1 6><1 2 6 1 7><2 3 7 1 6><3 4 6 1 7><2 5 7 1 6><5 6 6 1 7><6 0 7 1 6><5 7 6 2 16>
<0 1 6 1 6><1 2 6 1 6><2 3 6 1 8><1 4 6 2 6><4 5 6 1 6><5 6 6 2 6><6 7 6 1 6><7 0 6 2 6>
<0 1 6 1 6><1 2 6 1 7><2 3 7 1 6><1 4 6 2 6><4 5 6 1 6><5 6 6 2 6><6 7 6 1 6><7 0 6 2 6>
<0 1 6 1 6><1 2 6 1 6><2 3 6 1 6><3 4 6 1 7><4 0 7 1 6><4 5 7 1 6><5 6 6 2 6><0 7 6 2 8>
<0 1 6 1 6><0 2 6 1 6><2 3 6 1 6><0 4 6 1 6><4 5 6 1 6><5 6 6 1 6><6 7 6 2 6><5 8 6 2 8>
<0 1 6 1 6><0 2 6 1 6><2 3 6 1 6><3 4 6 1 6><4 5 6 2 6><5 6 6 1 6><6 7 6 1 8><7 8 8 1 6>
<0 1 6 1 6><0 2 6 1 6><2 3 6 1 6><3 4 6 1 6><4 5 6 1 6><5 6 6 1 6><6 7 6 1 6><7 8 6 1 6>
<0 1 6 1 6><0 2 6 2 6><2 3 6 1 6><3 4 6 1 7><4 5 7 1 6><5 6 6 1 6><6 7 6 2 6><7 8 6 1 6>
<0 1 6 1 6><0 2 6 1 6><2 3 6 1 6><3 4 6 1 6><4 0 6 1 6><2 5 6 1 6><5 6 6 2 7><6 7 7 1 6>
<0 1 6 1 6><0 2 6 1 6><2 3 6 1 6><3 4 6 1 6><4 5 6 2 6><5 6 6 1 6><6 7 6 2 6><7 8 6 1 6><8 3 6 2 6>
<0 1 6 1 6><0 2 6 2 6><2 3 6 1 6><3 4 6 1 6><4 5 6 1 6><5 6 6 1 8><5 7 6 2 6><7 8 6 1 6><4 9 6 2 8>
<0 1 6 1 6><0 2 6 2 6><2 3 6 1 6><3 4 6 2 6><4 5 6 1 6><5 6 6 1 7><6 7 7 1 6><7 8 6 1 6><8 9 6 1 17>
<0 1 6 1 6><1 2 6 1 7><2 3 7 1 6><3 4 6 1 6><4 5 6 1 7><5 6 7 1 6><6 7 6 1 6><7 8 6 1 7><8 0 7 1 6>
<0 1 6 1 6><1 2 6 1 8><2 3 8 1 6><3 4 6 2 6><1 5 6 2 6><5 6 6 1 6><6 7 6 2 6><7 8 6 1 6><8 0 6 2 6>
<0 1 6 1 6><0 2 6 1 6><2 3 6 1 6><3 4 6 1 6><4 5 6 1 6><5 6 6 2 6><0 7 6 1 6><7 8 6 1 8><0 9 6 1 7>
<0 1 6 1 6><1 2 6 1 7><1 3 6 2 6><3 4 6 1 6><4 5 6 2 6><5 6 6 1 6><6 0 6 2 6><3 7 6 1 7><7 8 7 1 6>
<0 1 6 1 6><0 2 6 1 6><2 3 6 2 6><3 4 6 1 6><4 5 6 1 8><5 6 8 1 6><4 7 6 2 6><7 8 6 1 8><8 9 8 1 6>
<0 1 6 1 6><0 2 6 1 6><2 3 6 1 6><3 4 6 1 6><4 5 6 1 6><5 6 6 1 6><2 7 6 1 6><7 8 6 1 8><7 9 6 2 8>
<0 1 6 1 6><0 2 6 2 6><2 3 6 1 6><3 4 6 1 6><4 5 6 1 7><5 6 7 1 6><6 7 6 1 6><7 8 6 2 6><8 9 6 1 6>
<0 1 6 1 6><1 2 6 1 6><2 3 6 2 6><3 4 6 1 6><4 5 6 1 8><5 6 8 1 6><4 7 6 2 6><7 8 6 1 6><8 1 6 2 6><0 9 6 2 8>
<0 1 6 1 6><1 2 6 1 6><2 3 6 1 7><3 4 7 1 7><4 5 7 2 6><1 6 6 2 6><0 7 6 2 6><7 8 6 1 6><8 9 6 2 6><7 10 6 1 35>
<0 1 6 1 6><0 2 6 1 8><2 3 8 1 6><3 4 6 1 6><4 5 6 1 8><4 6 6 2 6><6 7 6 1 6><7 8 6 2 6><8 9 6 1 6><9 3 6 2 6>
<0 1 6 1 6><0 2 6 1 6><2 3 6 1 7><3 4 7 1 6><4 5 6 2 6><5 6 6 1 6><6 7 6 2 6><7 8 6 1 6><2 9 6 2 7><0 10 6 2 8>
<0 1 6 1 6><1 2 6 1 6><2 3 6 1 8><2 4 6 2 8><0 5 6 1 16><5 6 16 1 6><6 7 6 2 6><7 8 6 1 6><8 9 6 1 8><8 10 6 2 8>
<0 1 6 1 6><0 2 6 1 6><2 3 6 1 7><3 4 7 2 7><2 5 6 2 6><5 6 6 1 6><6 7 6 2 6><7 8 6 1 6><8 0 6 2 6><5 9 6 1 17>
<0 1 6 1 6><1 2 6 1 7><2 3 7 1 6><3 4 6 2 7><4 5 7 1 6><1 6 6 2 6><6 7 6 1 6><7 8 6 2 6><8 9 6 1 6><9 0 6 2 6>
<0 1 6 1 6><1 2 6 1 6><2 3 6 1 6><3 4 6 1 6><4 5 6 1 6><5 6 6 1 8><4 7 6 1 8><7 0 8 1 6><3 8 6 1 8><2 9 6 1 8>
<0 1 6 1 6><0 2 6 1 6><2 3 6 1 6><3 4 6 1 6><4 0 6 1 6><4 5 6 1 6><5 6 6 1 6><6 3 6 1 6><2 7 6 1 6><7 8 6 2 8>
<0 1 6 1 6><0 2 6 2 6><2 3 6 1 6><3 4 6 2 6><4 5 6 1 6><5 6 6 1 6><6 7 6 1 6><7 8 6 2 7><8 9 7 1 7><9 10 7 1 6>
<0 1 6 1 6><0 2 6 1 6><2 3 6 1 6><3 4 6 2 6><4 5 6 1 6><5 6 6 2 6><6 7 6 1 6><7 2 6 2 6><7 8 6 1 8><8 9 8 1 6><0 10 6 2 8>
<0 1 6 1 6><1 2 6 1 7><1 3 6 2 7><3 4 7 1 6><4 5 6 1 7><4 6 6 2 7><6 7 7 1 6><7 0 6 2 6><7 8 6 1 7><0 9 6 1 7><9 10 7 2 8>
<0 1 6 1 6><0 2 6 1 6><2 3 6 2 6><3 4 6 1 6><4 5 6 1 7><5 6 7 1 6><6 7 6 1 6><7 8 6 2 8><3 9 6 1 7><9 10 7 1 6><10 0 6 2 6>
<0 1 6 1 6><0 2 6 1 6><0 3 6 1 14><3 4 14 1 6><4 5 6 1 6><4 6 6 1 6><3 7 14 1 6><7 8 6 1 6><7 9 6 1 6><3 10 14 1 8><10 11 8 1 6>
<0 1 6 1 6><0 2 6 2 6><2 3 6 1 14><3 4 14 1 6><4 5 6 1 6><5 6 6 2 6><6 7 6 1 6><7 8 6 2 6><8 9 6 1 6><9 4 6 2 6><3 10 14 1 8>
<0 1 6 1 6><0 2 6 1 6><2 3 6 1 6><3 4 6 1 6><4 5 6 1 7><5 6 7 1 6><6 7 6 1 6><7 8 6 1 16><8 9 16 1 16><9 10 16 1 6><10 11 6 1 6>
<0 1 6 1 6><0 2 6 2 6><2 3 6 1 7><3 4 7 1 6><4 5 6 1 16><5 6 16 1 6><6 7 6 1 6><7 8 6 1 6><8 9 6 1 8><8 10 6 2 8><4 11 6 2 16>
<0 1 6 1 6><0 2 6 1 6><2 3 6 1 6><3 4 6 1 6><4 5 6 2 6><5 6 6 1 6><6 7 6 2 6><7 8 6 1 6><8 3 6 2 6><7 9 6 1 8><5 10 6 1 8>
<0 1 6 1 6><0 2 6 1 6><0 3 6 1 6><3 4 6 1 6><4 5 6 1 6><5 6 6 1 6><6 7 6 2 6><7 8 6 1 6><8 3 6 1 6><8 9 6 2 8><5 10 6 2 8>
<0 1 6 1 6><1 2 6 1 6><2 3 6 1 6><3 4 6 1 7><4 5 7 1 6><5 6 6 1 6><6 7 6 1 6><7 8 6 2 6><0 9 6 1 8><9 10 8 1 6><0 11 6 2 8>
<0 1 6 1 6><1 2 6 1 6><2 3 6 2 6><3 4 6 1 6><4 5 6 2 6><1 6 6 2 6><6 7 6 1 6><7 8 6 2 6><8 9 6 1 6><9 0 6 2 6><6 10 6 1 8><10 11 8 1 6>
<0 1 6 1 6><1 2 6 1 6><2 3 6 1 6><3 4 6 1 6><4 0 6 1 6><1 5 6 1 6><5 6 6 3 6><1 7 6 1 8><0 8 6 1 7><8 9 7 1 6><9 10 6 1 6><10 11 6 3 7>
<0 1 6 1 6><1 2 6 1 6><2 3 6 1 6><3 4 6 1 6><4 5 6 1 6><5 6 6 1 6><6 7 6 1 6><7 0 6 2 6><0 8 6 1 7><8 9 7 1 6><9 10 6 1 6><10 11 6 1 8>
<0 1 6 1 6><1 2 6 1 6><2 3 6 1 6><3 4 6 1 16><4 0 16 1 6><2 5 6 2 8><1 6 6 2 6><6 7 6 1 7><7 8 7 1 7><8 9 7 1 6><9 10 6 2 7><0 11 6 2 8>
<0 1 6 1 6><1 2 6 1 6><2 3 6 1 6><3 0 6 1 6><0 4 6 1 6><4 5 6 1 7><5 6 7 1 6><6 7 6 2 6><7 8 6 1 6><8 9 6 1 7><0 10 6 1 6><10 11 6 1 8>
<0 1 6 1 6><0 2 6 1 6><2 3 6 2 6><3 4 6 1 6><4 5 6 1 8><5 6 8 1 6><6 7 6 2 7><7 8 7 1 6><8 9 6 2 7><4 10 6 2 6><10 11 6 1 6><11 0 6 2 6>
<0 1 6 1 6><0 2 6 1 6><2 3 6 2 6><3 4 6 1 6><4 5 6 2 6><5 6 6 1 6><6 7 6 2 6><7 8 6 1 6><8 9 6 1 8><8 10 6 2 8><7 11 6 1 6><11 12 6 2 8>
<0 1 6 1 6><0 2 6 2 6><2 3 6 1 6><3 4 6 1 8><4 5 8 1 15><5 6 15 1 6><5 7 15 1 6><7 8 6 1 15><8 9 15 1 8><8 10 15 1 8><8 11 15 2 8><5 12 15 2 8>
<0 1 6 1 6><1 2 6 1 6><2 3 6 1 6><3 4 6 1 6><4 5 6 1 7><5 6 7 1 6><6 7 6 2 8><4 8 6 1 8><8 1 8 1 6><3 9 6 1 8><2 10 6 1 8><0 11 6 1 8>
<0 1 6 1 6><1 2 6 1 7><2 3 7 2 6><3 4 6 1 7><4 5 7 1 6><5 1 6 2 6><5 6 6 1 7><6 7 7 2 6><7 8 6 1 7><8 0 7 2 6><0 9 6 1 16><9 10 16 1 6>
<0 1 6 1 6><0 2 6 1 7><2 3 7 1 6><3 4 6 1 6><4 5 6 1 7><5 6 7 1 6><6 7 6 1 6><7 8 6 1 7><8 9 7 1 6><9 10 6 1 7><10 11 7 1 6><11 6 6 2 6><11 12 6 1 7>
<0 1 6 1 6><0 2 6 1 6><2 3 6 1 6><3 4 6 2 6><4 5 6 1 6><5 6 6 2 6><6 7 6 1 6><7 2 6 2 6><0 8 6 2 6><8 9 6 1 6><9 10 6 1 6><10 11 6 1 15><11 12 15 2 8>
<0 1 6 1 6><0 2 6 1 6><2 3 6 1 8><2 4 6 2 6><4 5 6 1 6><5 6 6 1 6><6 7 6 1 6><7 8 6 2 6><8 9 6 1 6><9 10 6 2 6><10 11 6 1 6><11 6 6 2 6><5 12 6 2 8>
<0 1 6 1 6><1 2 6 1 6><2 3 6 1 6><3 4 6 1 7><4 0 7 1 6><4 5 7 1 7><5 6 7 1 6><6 7 6 1 6><7 8 6 2 6><8 9 6 1 6><9 10 6 2 6><10 11 6 1 7><11 6 7 2 6>
<0 1 6 1 6><0 2 6 1 7><2 3 7 1 6><3 4 6 1 6><4 5 6 2 6><3 6 6 2 7><6 7 7 1 6><7 8 6 1 6><8 9 6 2 6><9 10 6 1 6><10 11 6 2 6><11 12 6 1 6><12 7 6 2 6>
<0 1 6 1 6><0 2 6 1 6><2 3 6 2 6><3 4 6 1 6><4 5 6 1 7><3 6 6 1 7><6 7 7 1 6><7 0 6 2 6><7 8 6 1 6><8 9 6 1 8><9 10 8 1 6><10 11 6 1 6><8 12 6 2 8>
<0 1 6 1 6><1 2 6 1 6><2 3 6 1 6><3 4 6 2 6><0 5 6 2 6><5 6 6 1 6><6 7 6 1 6><7 8 6 2 6><8 9 6 1 6><9 10 6 1 6><10 11 6 2 6><11 12 6 1 6><12 13 6 2 6>
<0 1 6 1 6><1 2 6 1 6><2 3 6 1 7><3 4 7 1 6><4 0 6 2 6><4 5 6 1 7><5 6 7 1 6><6 7 6 1 16><7 8 16 1 6><8 9 6 2 6><9 5 6 1 7><6 10 6 2 7><10 0 7 1 6>
<0 1 6 1 6><1 2 6 1 50><2 3 50 1 6><3 4 6 1 6><4 5 6 2 6><5 6 6 1 6><6 7 6 2 6><2 8 50 1 53><1 9 6 2 6><9 10 6 1 6><10 11 6 2 6><11 12 6 1 6><12 0 6 2 6>
<0 1 6 1 6><0 2 6 1 6><0 3 6 1 14><3 4 14 1 8><4 5 8 1 6><5 6 6 1 6><6 7 6 1 6><7 8 6 1 6><8 9 6 1 6><9 10 6 3 7><8 11 6 1 8><11 12 8 1 6><12 13 6 1 6>
<0 1 6 1 6><0 2 6 1 6><0 3 6 1 6><3 4 6 1 6><4 5 6 1 7><5 6 7 2 6><6 7 6 1 6><7 8 6 2 6><8 9 6 1 6><9 10 6 2 6><4 11 6 2 6><11 12 6 1 6><12 13 6 1 6><13 14 6 2 6>
<0 1 6 1 6><1 2 6 1 7><1 3 6 2 6><3 4 6 1 6><4 5 6 2 6><0 6 6 1 7><6 7 7 2 7><7 8 7 1 6><8 9 6 1 6><9 10 6 2 6><10 11 6 1 6><11 12 6 2 6><12 13 6 1 6><13 8 6 2 6>
<0 1 6 1 6><0 2 6 1 6><2 3 6 1 6><3 4 6 1 6><4 5 6 1 6><5 6 6 1 6><6 7 6 1 6><7 8 6 1 16><8 4 16 1 6><6 9 6 1 7><9 10 7 1 6><9 11 7 1 6><11 12 6 1 7><12 5 7 1 6>
<0 1 6 1 6><1 2 6 1 6><2 3 6 1 6><3 4 6 1 8><4 5 8 1 6><0 6 6 2 7><6 7 7 1 6><7 8 6 1 6><8 9 6 2 6><9 10 6 1 6><10 11 6 2 6><11 12 6 1 7><12 13 7 1 8><12 14 7 2 8>
<0 1 6 1 6><0 2 6 2 6><2 3 6 1 6><3 4 6 1 7><4 5 7 1 6><5 6 6 1 6><6 7 6 2 7><7 8 7 1 6><8 9 6 1 6><9 10 6 2 6><10 11 6 1 6><11 12 6 2 6><12 13 6 1 6><13 8 6 2 6>
<0 1 6 1 6><1 2 6 1 6><2 3 6 1 9><2 4 6 1 9><2 5 6 1 9><1 6 6 1 9><1 7 6 1 9><0 8 6 1 9><0 9 6 1 9><0 10 6 1 27><10 11 27 1 6><10 12 27 1 6><12 13 6 1 6><13 10 6 1 27>
<0 1 6 1 6><0 2 6 1 6><2 3 6 1 6><3 4 6 1 7><4 5 7 1 6><5 6 6 2 6><6 7 6 1 8><7 8 8 1 6><3 9 6 2 8><2 10 6 2 6><10 11 6 1 7><11 12 7 1 6><12 13 6 1 7><0 14 6 2 8>
<0 1 6 1 6><0 2 6 1 15><2 3 15 1 8><3 4 8 1 6><4 5 6 1 6><5 6 6 1 6><6 7 6 1 6><7 8 6 1 6><8 9 6 1 6><9 10 6 2 8><8 11 6 1 8><7 12 6 1 8><6 13 6 1 8><5 14 6 1 8>
<0 1 6 1 6><0 2 6 1 6><2 3 6 1 6><3 4 6 1 6><4 5 6 1 6><5 6 6 2 6><6 7 6 1 6><7 8 6 1 6><8 9 6 2 6><9 10 6 1 6><10 11 6 1 17><10 12 6 2 6><12 13 6 1 6><13 7 6 2 6>
<0 1 6 1 6><1 2 6 1 6><2 3 6 1 7><3 4 7 2 6><4 5 6 1 6><5 6 6 2 6><6 7 6 1 7><7 8 7 2 6><8 9 6 1 7><9 4 7 1 6><9 10 7 1 7><10 2 7 2 6><6 11 6 1 8><0 12 6 3 7>
